1 0.19765625 0.19765625 0.1625 0.09765625
1 0.02578125 0.44375 0.0515625 0.08125
1 0.93359375 0.825 0.1328125 0.1
1 0.44375 0.75546875 0.13984375 0.08203125
1 0.50546875 0.83515625 0.14765625 0.090625
1 0.84921875 0.27734375 0.13046875 0.0859375
4 0.1296875 0.28984375 0.14765625 0.08984375
4 0.2 0.35703125 0.14296875 0.10234375
4 0.33515625 0.3515625 0.15390625 0.09921875
4 0.26953125 0.27421875 0.13828125 0.0859375
4 0.425 0.275 0.1359375 0.0953125
4 0.56328125 0.2765625 0.1359375 0.08359375
4 0.7125 0.27890625 0.12734375 0.08203125
4 0.0578125 0.04453125 0.1140625 0.0890625
4 0.20546875 0.046875 0.178125 0.08203125
4 0.3453125 0.04140625 0.16796875 0.08203125
4 0.49140625 0.04609375 0.1421875 0.09140625
4 0.6375 0.0546875 0.134375 0.08671875
4 0.634375 0.20390625 0.1515625 0.07109375
4 0.7828125 0.2015625 0.125 0.084375
4 0.9203125 0.2 0.134375 0.08125
4 0.96875 0.27578125 0.0625 0.06796875
4 0.2953125 0.440625 0.1671875 0.06953125
3 0.14921875 0.60703125 0.1703125 0.08046875
4 0.36171875 0.68046875 0.178125 0.08828125
4 0.14609375 0.76640625 0.12265625 0.103125
4 0.225 0.84765625 0.12421875 0.090625
1 0.5875 0.74296875 0.13828125 0.078125
1 0.64609375 0.68515625 0.1515625 0.1015625
1 0.8078125 0.67109375 0.16328125 0.0875
1 0.715625 0.5953125 0.15859375 0.07890625
1 0.78515625 0.51484375 0.13515625 0.096875
1 0.6546875 0.52109375 0.1734375 0.0796875
1 0.5046875 0.525 0.18046875 0.08125
1 0.65078125 0.8359375 0.13828125 0.08828125