1 0.890625 0.225 0.18984375 0.11328125
1 0.05390625 0.94609375 0.1078125 0.1078125
1 0.603125 0.8703125 0.1640625 0.09453125
1 0.53359375 0.9546875 0.17578125 0.090625
1 0.12890625 0.3171875 0.15234375 0.09921875
4 0.9421875 0.328125 0.11484375 0.103125
4 0.88828125 0.409375 0.1671875 0.11875
4 0.7296875 0.403125 0.1796875 0.11484375
4 0.80625 0.3125 0.16171875 0.09921875
4 0.625 0.3140625 0.159375 0.11015625
4 0.46328125 0.315625 0.159375 0.096875
4 0.2890625 0.31875 0.14921875 0.0953125
4 0.88125 0.05 0.2078125 0.0953125
4 0.71953125 0.0453125 0.19609375 0.090625
4 0.5515625 0.04921875 0.16875 0.0984375
4 0.3765625 0.05859375 0.15703125 0.1
4 0.3796875 0.23203125 0.17734375 0.08203125
4 0.20625 0.2296875 0.14609375 0.09765625
4 0.0640625 0.225 0.128125 0.0953125
4 0.0140625 0.3109375 0.028125 0.078125
4 0.77578125 0.50546875 0.1953125 0.08046875
3 0.92578125 0.69609375 0.1484375 0.0953125
4 0.69921875 0.7828125 0.2078125 0.1015625
4 0.9421875 0.88203125 0.11484375 0.11953125
4 0.86171875 0.9609375 0.1421875 0.078125
1 0.43515625 0.85625 0.16171875 0.090625
1 0.36640625 0.7890625 0.17734375 0.1171875
1 0.17734375 0.77265625 0.190625 0.10078125
1 0.284375 0.68515625 0.18515625 0.09140625
1 0.20390625 0.59140625 0.1578125 0.11171875
1 0.35703125 0.5984375 0.203125 0.09296875
1 0.53203125 0.603125 0.2109375 0.09375
1 0.36484375 0.9546875 0.1625 0.090625