1 0.959375 0.1265625 0.08125 0.0796875
1 0.80625 0.046875 0.1015625 0.08515625
1 0.55703125 0.11953125 0.10390625 0.08984375
1 0.39609375 0.0359375 0.09375 0.071875
1 0.14140625 0.109375 0.0984375 0.08515625
1 0.01015625 0.0359375 0.0203125 0.071875
1 0.05859375 0.26015625 0.10078125 0.09140625
1 0.221875 0.334375 0.103125 0.08125
1 0.3 0.19296875 0.11484375 0.08515625
1 0.4703125 0.26875 0.0984375 0.07890625
1 0.71796875 0.2015625 0.12421875 0.0796875
1 0.88046875 0.27578125 0.103125 0.08515625
1 0.6375 0.3484375 0.096875 0.07890625
1 0.80390625 0.428125 0.0984375 0.07890625
1 0.38828125 0.41875 0.1046875 0.07890625
1 0.134375 0.49296875 0.10703125 0.0875
1 0.05078125 0.63984375 0.1015625 0.08359375
1 0.2984375 0.56875 0.1171875 0.0828125
1 0.2203125 0.71796875 0.1234375 0.10546875
1 0.11875 0.8734375 0.10703125 0.09453125
1 0.37265625 0.8015625 0.0984375 0.08671875
1 0.2875 0.9421875 0.11171875 0.0578125
1 0.53515625 0.88515625 0.10703125 0.08359375
1 0.784375 0.81484375 0.10859375 0.090625
1 0.94765625 0.89453125 0.09609375 0.090625
1 0.98984375 0.75 0.0203125 0.11328125
1 0.86796875 0.6671875 0.11171875 0.0953125
1 0.95546875 0.5078125 0.0890625 0.090625
1 0.70703125 0.57734375 0.09765625 0.08125
1 0.6203125 0.7359375 0.11171875 0.0875
1 0.45859375 0.65078125 0.09375 0.09140625
4 0.5375 0.50546875 0.09453125 0.09765625