1 0.0671875 0.13515625 0.08984375 0.0765625
1 0.21796875 0.05859375 0.09609375 0.08046875
1 0.45390625 0.1265625 0.0984375 0.084375
1 0.6078125 0.04765625 0.090625 0.0734375
1 0.846875 0.1171875 0.09296875 0.0796875
1 0.98203125 0.04375 0.0359375 0.07890625
1 0.92578125 0.259375 0.0953125 0.0859375
1 0.7703125 0.3296875 0.09765625 0.0765625
1 0.696875 0.19609375 0.10859375 0.0796875
1 0.5359375 0.26796875 0.09296875 0.07421875
1 0.3015625 0.20390625 0.11796875 0.075
1 0.14765625 0.27421875 0.09765625 0.0796875
1 0.37734375 0.34296875 0.0921875 0.07421875
1 0.021875 0.359375 0.04375 0.0859375
1 0.2203125 0.41796875 0.09296875 0.07421875
1 0.61328125 0.409375 0.09921875 0.075
1 0.853125 0.4796875 0.1015625 0.0828125
1 0.9328125 0.6203125 0.0953125 0.07890625
1 0.6984375 0.55078125 0.1109375 0.078125
1 0.77265625 0.69140625 0.1171875 0.09921875
1 0.86875 0.83828125 0.1015625 0.0890625
1 0.628125 0.7703125 0.09296875 0.08203125
1 0.709375 0.903125 0.10546875 0.0546875
1 0.47421875 0.84921875 0.10078125 0.07890625
1 0.23828125 0.7828125 0.103125 0.0859375
1 0.084375 0.8578125 0.090625 0.0859375
1 0.02734375 0.7234375 0.05390625 0.109375
1 0.159375 0.64375 0.10546875 0.08984375
1 0.07421875 0.49453125 0.096875 0.08359375
1 0.31171875 0.55859375 0.0921875 0.0765625
1 0.39375 0.7078125 0.10546875 0.0828125
1 0.546875 0.62734375 0.0890625 0.0859375
4 0.47265625 0.49140625 0.0890625 0.0921875