1 0.29609375 0.3328125 0.4375 0.26171875
1 0.76484375 0.3390625 0.38828125 0.2546875
1 0.50625 0.59921875 0.390625 0.25859375
1 0.85625 0.575 0.2875 0.234375
1 0.78984375 0.87265625 0.36640625 0.25390625
1 0.3734375 0.95703125 0.4 0.0859375
1 0.1296875 0.67109375 0.259375 0.2953125
1 0.24609375 0.79921875 0.43046875 0.22421875
1 0.66484375 0.75625 0.4015625 0.19609375
1 0.94296875 0.78671875 0.11328125 0.21328125
1 0.9765625 0.3953125 0.046875 0.22578125
1 0.72265625 0.0796875 0.4078125 0.159375
1 0.4828125 0.18515625 0.42421875 0.209375
1 0.0765625 0.0796875 0.153125 0.159375
1 0.13359375 0.2703125 0.26640625 0.31953125
1 0.95625 0.1265625 0.0875 0.253125