1 0.28046875 0.32890625 0.37890625 0.228125
1 0.68671875 0.334375 0.33671875 0.221875
1 0.4625 0.56171875 0.33828125 0.225
1 0.8203125 0.54296875 0.35 0.20546875
1 0.7125 0.81015625 0.31953125 0.2375
1 0.3515625 0.8859375 0.3484375 0.09609375
1 0.1265625 0.62578125 0.24609375 0.2578125
1 0.23671875 0.7359375 0.3734375 0.1953125
1 0.6 0.6984375 0.3484375 0.1703125
1 0.89765625 0.7265625 0.20390625 0.18828125
1 0.9265625 0.38671875 0.14609375 0.196875
1 0.65390625 0.08984375 0.35234375 0.1796875
1 0.4421875 0.20078125 0.3671875 0.18203125
1 0.078125 0.0890625 0.15625 0.178125
1 0.12734375 0.275 0.2546875 0.27890625
1 0.909375 0.140625 0.18125 0.240625