1 0.18984375 0.8671875 0.2265625 0.11484375
1 0.4265625 0.86875 0.23828125 0.1109375
1 0.6546875 0.87109375 0.2390625 0.11875
1 0.63828125 0.74375 0.22265625 0.13984375
1 0.8765625 0.74375 0.228125 0.13671875
1 0.42265625 0.73984375 0.2109375 0.13828125
1 0.1828125 0.7296875 0.23359375 0.15390625
1 0.203125 0.6046875 0.2 0.125
1 0.4140625 0.609375 0.2078125 0.1359375
1 0.62734375 0.60703125 0.2 0.14453125
1 0.8328125 0.61328125 0.2078125 0.121875
1 0.975 0.61015625 0.05 0.1171875
1 0.97265625 0.496875 0.05390625 0.125
1 0.96328125 0.38515625 0.0734375 0.1046875
1 0.94375 0.3015625 0.11171875 0.1421875
1 0.94140625 0.203125 0.1171875 0.084375
1 0.9453125 0.11640625 0.109375 0.103125
1 0.92734375 0.06015625 0.140625 0.11953125
1 0.78828125 0.29453125 0.18828125 0.10625
1 0.790625 0.20859375 0.1703125 0.09765625
1 0.79609375 0.1234375 0.171875 0.0890625
1 0.77734375 0.053125 0.165625 0.10546875
1 0.8265625 0.3921875 0.21640625 0.10859375
1 0.8375 0.49765625 0.2078125 0.11484375
1 0.62734375 0.4921875 0.19609375 0.1078125
1 0.63203125 0.3890625 0.2046875 0.1171875
1 0.6046875 0.290625 0.17578125 0.1046875
1 0.6171875 0.20546875 0.18125 0.0921875
1 0.615625 0.128125 0.17109375 0.08984375
1 0.61484375 0.05078125 0.1546875 0.0890625
1 0.43046875 0.29140625 0.17421875 0.1
1 0.4484375 0.20234375 0.18359375 0.08203125
1 0.45234375 0.11796875 0.17578125 0.08515625
1 0.453125 0.05 0.18203125 0.09140625
1 0.42109375 0.3921875 0.196875 0.11015625
1 0.428125 0.48671875 0.2 0.10234375
1 0.2203125 0.4859375 0.1828125 0.1171875
1 0.2296875 0.3875 0.18984375 0.1203125
1 0.2453125 0.2890625 0.18984375 0.09140625
1 0.26015625 0.20703125 0.1734375 0.1015625
1 0.275 0.1203125 0.165625 0.08203125
1 0.278125 0.046875 0.16171875 0.08125
1 0.03359375 0.86875 0.0671875 0.1125
1 0.04296875 0.740625 0.078125 0.140625
1 0.05234375 0.61171875 0.1046875 0.1296875
1 0.06796875 0.49453125 0.1359375 0.1265625
1 0.07265625 0.38671875 0.14375 0.11796875
1 0.0828125 0.29765625 0.15859375 0.11953125
1 0.08828125 0.20703125 0.17578125 0.109375
1 0.11015625 0.121875 0.15625 0.0953125
1 0.1234375 0.04453125 0.15703125 0.0875
1 0.8921875 0.86796875 0.20703125 0.1203125