1 0.1703125 0.884375 0.23515625 0.11875
1 0.415625 0.8859375 0.24765625 0.115625
1 0.65234375 0.88828125 0.2484375 0.1234375
1 0.6359375 0.75625 0.23125 0.14453125
1 0.88046875 0.75546875 0.2390625 0.140625
1 0.41171875 0.75234375 0.21875 0.14375
1 0.1625 0.74140625 0.2421875 0.159375
1 0.18359375 0.61171875 0.2078125 0.1296875
1 0.40234375 0.6171875 0.21640625 0.14140625
1 0.62421875 0.6140625 0.2078125 0.15
1 0.8375 0.62109375 0.215625 0.1265625
1 0.978125 0.61640625 0.04375 0.121875
1 0.975 0.49765625 0.05 0.1296875
1 0.9671875 0.38359375 0.06484375 0.10703125
1 0.9453125 0.29609375 0.10859375 0.1484375
1 0.94296875 0.19453125 0.1140625 0.08515625
1 0.9484375 0.10546875 0.103125 0.10703125
1 0.92890625 0.053125 0.1421875 0.10625
1 0.79140625 0.290625 0.1953125 0.11015625
1 0.79296875 0.2015625 0.17734375 0.1015625
1 0.79921875 0.11328125 0.17890625 0.0921875
1 0.7765625 0.04609375 0.175 0.0921875
1 0.83046875 0.3921875 0.225 0.1125
1 0.8421875 0.50078125 0.215625 0.11953125
1 0.62421875 0.4953125 0.203125 0.11171875
1 0.62890625 0.3890625 0.2125 0.12109375
1 0.6 0.28671875 0.1828125 0.10859375
1 0.6140625 0.1984375 0.1875 0.0953125
1 0.61171875 0.11796875 0.178125 0.09375
1 0.60859375 0.040625 0.16328125 0.08125
1 0.4203125 0.2875 0.18046875 0.10390625
1 0.43828125 0.19453125 0.190625 0.08515625
1 0.44296875 0.1078125 0.1828125 0.08828125
1 0.43984375 0.040625 0.18515625 0.08125
1 0.41015625 0.39140625 0.20390625 0.1140625
1 0.4171875 0.490625 0.2078125 0.10625
1 0.2015625 0.4890625 0.18984375 0.12109375
1 0.2109375 0.3875 0.196875 0.125
1 0.22734375 0.28515625 0.196875 0.09453125
1 0.24296875 0.19921875 0.1796875 0.10546875
1 0.2578125 0.109375 0.171875 0.084375
1 0.2578125 0.03671875 0.16875 0.0734375
1 0.01875 0.884375 0.0375 0.11875
1 0.02734375 0.7515625 0.0546875 0.1484375
1 0.03828125 0.61875 0.07578125 0.13359375
1 0.0546875 0.49609375 0.10859375 0.13359375
1 0.06015625 0.38359375 0.11953125 0.121875
1 0.06796875 0.29296875 0.1359375 0.12578125
1 0.07578125 0.19765625 0.1515625 0.1140625
1 0.0875 0.1109375 0.16171875 0.09921875
1 0.096875 0.03671875 0.1625 0.0734375
1 0.89375 0.88359375 0.21171875 0.121875