1 0.1859375 0.37578125 0.09375 0.125
1 0.25546875 0.41328125 0.096875 0.12890625
1 0.328125 0.45234375 0.1015625 0.1390625
1 0.40390625 0.4921875 0.10390625 0.13984375
1 0.48671875 0.5421875 0.0953125 0.13984375
1 0.57265625 0.59296875 0.103125 0.16015625
1 0.6484375 0.53828125 0.10078125 0.14296875
1 0.5640625 0.47421875 0.0828125 0.09296875
1 0.4796875 0.43671875 0.096875 0.10078125
1 0.403125 0.3953125 0.08984375 0.0859375
1 0.3296875 0.346875 0.084375 0.08125
1 0.26015625 0.31484375 0.0890625 0.08515625
1 0.33125 0.26953125 0.0796875 0.0921875
1 0.4 0.309375 0.08203125 0.084375
1 0.475 0.34140625 0.0875 0.09921875
1 0.55625 0.38203125 0.0859375 0.0953125
1 0.6296875 0.4265625 0.09453125 0.09921875
1 0.7203125 0.478125 0.09296875 0.13984375
1 0.78515625 0.43515625 0.084375 0.1296875
1 0.84296875 0.38359375 0.08515625 0.140625
1 0.75703125 0.3359375 0.0828125 0.08828125
1 0.7 0.37578125 0.08125 0.08984375
1 0.6203125 0.34453125 0.08359375 0.08359375
1 0.54140625 0.29140625 0.0828125 0.08203125
1 0.60625 0.26015625 0.06796875 0.08984375
1 0.6796875 0.2921875 0.07421875 0.0796875
1 0.53046875 0.21953125 0.08046875 0.08046875
1 0.46796875 0.2578125 0.08359375 0.0796875
1 0.4625 0.18671875 0.0875 0.06953125
1 0.40078125 0.23203125 0.090625 0.0796875