1 0.821875 0.37265625 0.0953125 0.128125
1 0.7515625 0.41171875 0.0984375 0.13203125
1 0.67734375 0.4515625 0.103125 0.1421875
1 0.6 0.4921875 0.10546875 0.14296875
1 0.51640625 0.54296875 0.096875 0.14296875
1 0.42890625 0.5953125 0.1046875 0.16328125
1 0.35234375 0.5390625 0.10234375 0.14609375
1 0.4375 0.4734375 0.084375 0.0953125
1 0.5234375 0.43515625 0.0984375 0.103125
1 0.60078125 0.39296875 0.09140625 0.0875
1 0.67578125 0.34296875 0.0859375 0.0828125
1 0.74609375 0.3109375 0.08984375 0.0875
1 0.67421875 0.26484375 0.08125 0.09375
1 0.60390625 0.3046875 0.0828125 0.08671875
1 0.528125 0.3375 0.0890625 0.1015625
1 0.4453125 0.3796875 0.0875 0.09765625
1 0.37109375 0.425 0.09609375 0.1015625
1 0.27890625 0.47734375 0.09453125 0.14296875
1 0.21328125 0.43359375 0.0859375 0.1328125
1 0.15390625 0.38125 0.08671875 0.14375
1 0.24140625 0.33203125 0.08359375 0.090625
1 0.3 0.37265625 0.08203125 0.09140625
1 0.38046875 0.340625 0.08515625 0.08515625
1 0.46015625 0.28671875 0.08359375 0.08359375
1 0.39453125 0.2546875 0.06953125 0.0921875
1 0.31953125 0.2875 0.07578125 0.08203125
1 0.471875 0.21328125 0.08125 0.08203125
1 0.53515625 0.253125 0.08515625 0.08125
1 0.540625 0.18046875 0.0890625 0.07109375
1 0.603125 0.22578125 0.0921875 0.08203125