1 0.64765625 0.69453125 0.23828125 0.28515625
1 0.43125 0.81171875 0.21171875 0.36484375
1 0.90625 0.62890625 0.1875 0.3546875
1 0.64296875 0.2953125 0.25390625 0.35234375
1 0.35859375 0.15546875 0.2703125 0.1953125
1 0.43125 0.45546875 0.2484375 0.3078125
1 0.23984375 0.26875 0.19375 0.33125
1 0.075 0.13046875 0.15 0.1265625
1 0.07265625 0.34765625 0.1453125 0.3203125
1 0.15390625 0.6640625 0.2609375 0.34140625
1 0.8609375 0.89375 0.240625 0.2125
1 0.60390625 0.90859375 0.22421875 0.1828125
1 0.240625 0.86171875 0.21953125 0.27578125
1 0.06953125 0.8734375 0.1390625 0.253125
1 0.78984375 0.4484375 0.2078125 0.32578125
1 0.91796875 0.228125 0.15234375 0.240625
1 0.75390625 0.17578125 0.2234375 0.21484375