1 0.340625 0.32421875 0.22890625 0.27265625
1 0.5484375 0.2125 0.203125 0.34921875
1 0.09140625 0.38828125 0.1828125 0.3390625
1 0.3453125 0.70703125 0.24375 0.3375
1 0.6171875 0.840625 0.259375 0.18671875
1 0.54765625 0.553125 0.23828125 0.29453125
1 0.73203125 0.73203125 0.1859375 0.3171875
1 0.909375 0.86484375 0.18125 0.1203125
1 0.91171875 0.659375 0.1765625 0.3078125
1 0.8140625 0.353125 0.25078125 0.32734375
1 0.13671875 0.11875 0.23125 0.23671875
1 0.38359375 0.1046875 0.21484375 0.2078125
1 0.73046875 0.1484375 0.21015625 0.29609375
1 0.9140625 0.1375 0.17109375 0.275
1 0.20390625 0.56015625 0.19921875 0.31171875
1 0.08125 0.77109375 0.14609375 0.23046875
1 0.23828125 0.82109375 0.2140625 0.20546875