1 0.803125 0.71328125 0.1234375 0.1515625
1 0.55078125 0.54609375 0.1375 0.153125
1 0.25390625 0.68046875 0.1390625 0.159375
1 0.1234375 0.65078125 0.10625 0.16796875
1 0.22421875 0.5734375 0.121875 0.1203125
1 0.34375 0.4078125 0.1203125 0.159375
1 0.625 0.3046875 0.1546875 0.11640625
4 0.9359375 0.65859375 0.125 0.15625
4 0.76640625 0.5578125 0.13046875 0.16640625
4 0.6359375 0.73203125 0.153125 0.1859375
4 0.62734375 0.4453125 0.1015625 0.12265625
4 0.428125 0.48828125 0.11953125 0.1796875
4 0.45546875 0.34609375 0.1203125 0.1171875
4 0.059375 0.58359375 0.11875 0.159375
4 0.09296875 0.4828125 0.13515625 0.1234375