1 0.21640625 0.70546875 0.11953125 0.14609375
1 0.4609375 0.54453125 0.13359375 0.14765625
1 0.7484375 0.6734375 0.13515625 0.153125
1 0.875 0.64609375 0.103125 0.16171875
1 0.77734375 0.57109375 0.11875 0.115625
1 0.66171875 0.41171875 0.1171875 0.15390625
1 0.3890625 0.31171875 0.15 0.1125
4 0.0875 0.65234375 0.12109375 0.15078125
4 0.25234375 0.55546875 0.1265625 0.16015625
4 0.378125 0.72421875 0.1484375 0.17890625
4 0.38671875 0.446875 0.0984375 0.11796875
4 0.5796875 0.4890625 0.115625 0.17265625
4 0.55390625 0.3515625 0.1171875 0.11328125
4 0.93828125 0.58203125 0.11484375 0.1515625
4 0.9046875 0.48359375 0.13125 0.11953125