4 0.87421875 0.16171875 0.13359375 0.14296875
4 0.7234375 0.1859375 0.13203125 0.13359375
4 0.57265625 0.1734375 0.15 0.14765625
4 0.43359375 0.1703125 0.14453125 0.14140625
4 0.284375 0.171875 0.14921875 0.140625
4 0.1375 0.146875 0.153125 0.15
4 0.11875 0.303125 0.15859375 0.16171875
4 0.121875 0.4578125 0.1484375 0.1625
4 0.10625 0.6171875 0.1671875 0.153125
4 0.09609375 0.775 0.1734375 0.18984375
4 0.2515625 0.7734375 0.1625 0.17890625
4 0.38984375 0.796875 0.196875 0.15703125
4 0.5765625 0.7859375 0.153125 0.16796875
4 0.72734375 0.79140625 0.13515625 0.17109375
4 0.865625 0.7984375 0.14453125 0.1890625
4 0.86484375 0.6421875 0.146875 0.18125
4 0.715625 0.621875 0.1375 0.16875
4 0.57734375 0.62578125 0.18984375 0.17734375
4 0.421875 0.62578125 0.13046875 0.1625
4 0.2640625 0.6140625 0.15078125 0.16171875
4 0.2734375 0.46328125 0.15078125 0.16015625
4 0.28359375 0.325 0.140625 0.15390625
4 0.4359375 0.321875 0.15 0.1671875
4 0.42890625 0.46796875 0.19609375 0.15390625
4 0.57109375 0.4671875 0.13515625 0.1453125
4 0.57265625 0.3203125 0.146875 0.1453125
4 0.7171875 0.325 0.1546875 0.15390625
4 0.71875 0.47109375 0.13046875 0.146875
4 0.8671875 0.4671875 0.13515625 0.153125
4 0.86640625 0.31328125 0.14296875 0.16484375