4 0.459375 0.790625 0.134375 0.21953125
4 0.375 0.68671875 0.12578125 0.19375
4 0.26953125 0.578125 0.10703125 0.21171875
4 0.19140625 0.503125 0.1171875 0.20546875
4 0.115625 0.40859375 0.11484375 0.18359375
4 0.20546875 0.33828125 0.1015625 0.18203125
4 0.28828125 0.4015625 0.0890625 0.18515625
4 0.3671875 0.48828125 0.10859375 0.221875
4 0.46171875 0.5796875 0.1390625 0.2109375
4 0.55703125 0.6921875 0.12734375 0.215625
4 0.64765625 0.60703125 0.12109375 0.19453125
4 0.5484375 0.50859375 0.121875 0.1875
4 0.4625 0.40859375 0.12421875 0.1546875
4 0.3734375 0.33046875 0.11328125 0.13203125
4 0.2921875 0.25546875 0.10078125 0.12734375
4 0.38203125 0.18984375 0.1015625 0.15390625
4 0.45703125 0.26015625 0.1078125 0.15859375
4 0.55 0.34453125 0.1171875 0.1921875
4 0.6359375 0.43203125 0.1203125 0.17421875
4 0.7296875 0.5265625 0.11328125 0.18359375
4 0.81328125 0.44375 0.103125 0.175
4 0.71875 0.36484375 0.09296875 0.15703125
4 0.63046875 0.26640625 0.11015625 0.153125
4 0.54140625 0.19140625 0.1015625 0.1359375
4 0.4640625 0.1359375 0.0890625 0.13125
4 0.53359375 0.06796875 0.08359375 0.1359375
4 0.61640625 0.1390625 0.08359375 0.13828125
4 0.7078125 0.21640625 0.0890625 0.184375
4 0.79765625 0.28828125 0.08125 0.19296875
4 0.890625 0.36796875 0.103125 0.228125