4 0.628125 0.1203125 0.15859375 0.23984375
4 0.72421875 0.23203125 0.146875 0.2265625
4 0.846875 0.359375 0.125 0.246875
4 0.93515625 0.44765625 0.1296875 0.2390625
4 0.98203125 0.5609375 0.0359375 0.2125
4 0.92265625 0.6390625 0.11875 0.2125
4 0.82578125 0.5640625 0.1046875 0.215625
4 0.7328125 0.46328125 0.12734375 0.25859375
4 0.621875 0.35703125 0.16328125 0.24609375
4 0.5109375 0.22578125 0.14921875 0.2515625
4 0.40390625 0.32578125 0.1421875 0.2265625
4 0.5203125 0.43984375 0.14296875 0.21875
4 0.6203125 0.55703125 0.1453125 0.18125
4 0.725 0.64765625 0.13203125 0.15390625
4 0.8203125 0.73515625 0.1171875 0.14921875
4 0.71484375 0.81171875 0.11953125 0.1796875
4 0.628125 0.7296875 0.12578125 0.18515625
4 0.51796875 0.63125 0.13671875 0.22421875
4 0.41875 0.52890625 0.140625 0.203125
4 0.30859375 0.41953125 0.13203125 0.2140625
4 0.21015625 0.515625 0.1203125 0.2046875
4 0.32109375 0.6078125 0.10859375 0.1828125
4 0.42421875 0.72265625 0.12890625 0.17890625
4 0.52890625 0.809375 0.11875 0.15859375
4 0.61953125 0.875 0.1046875 0.153125
4 0.540625 0.93984375 0.09765625 0.1203125
4 0.44140625 0.87109375 0.09765625 0.16171875
4 0.33359375 0.78125 0.1046875 0.215625
4 0.22890625 0.696875 0.0953125 0.225
4 0.11953125 0.60390625 0.12109375 0.26640625