4 0.19375 0.37421875 0.1390625 0.13671875
4 0.325 0.36875 0.1234375 0.1484375
4 0.465625 0.37578125 0.13359375 0.13359375
4 0.60390625 0.37421875 0.1234375 0.1375
4 0.75078125 0.36953125 0.11484375 0.14296875
4 0.89921875 0.3625 0.14453125 0.13671875
4 0.21015625 0.4859375 0.1359375 0.1
4 0.35078125 0.48203125 0.11796875 0.1
4 0.48046875 0.48203125 0.12265625 0.0921875
4 0.6125 0.484375 0.125 0.10234375
4 0.74375 0.48515625 0.12421875 0.1015625
4 0.87265625 0.471875 0.1328125 0.11484375
4 0.2390625 0.571875 0.12109375 0.07734375
4 0.26328125 0.63984375 0.12109375 0.0828125
4 0.27578125 0.71171875 0.08984375 0.0671875
4 0.35859375 0.56015625 0.1421875 0.09765625
4 0.3828125 0.6265625 0.10234375 0.07734375
4 0.38828125 0.7078125 0.1046875 0.08359375
4 0.49375 0.565625 0.121875 0.0734375
4 0.4890625 0.63046875 0.1078125 0.08515625
4 0.49453125 0.7046875 0.1078125 0.0859375
4 0.61328125 0.56953125 0.11796875 0.08515625
4 0.6125 0.6375 0.0921875 0.0875
4 0.61484375 0.7125 0.1015625 0.0875
4 0.73125 0.5671875 0.12421875 0.090625
4 0.7265625 0.6453125 0.10234375 0.0875
4 0.72421875 0.7234375 0.10625 0.07734375
4 0.86875 0.57421875 0.12734375 0.109375
4 0.8484375 0.640625 0.11953125 0.0890625
4 0.82578125 0.71953125 0.09453125 0.08515625