4 0.1328125 0.178125 0.128125 0.1375
4 0.278125 0.2015625 0.1265625 0.128125
4 0.421875 0.1890625 0.14375 0.14140625
4 0.5546875 0.1859375 0.13828125 0.13515625
4 0.69765625 0.1875 0.14296875 0.13515625
4 0.83828125 0.1640625 0.146875 0.14453125
4 0.85546875 0.31328125 0.1515625 0.1546875
4 0.85234375 0.46171875 0.1421875 0.15625
4 0.86796875 0.61484375 0.16015625 0.146875
4 0.878125 0.765625 0.165625 0.18203125
4 0.72890625 0.7640625 0.15546875 0.17109375
4 0.596875 0.7875 0.18828125 0.15078125
4 0.41796875 0.7765625 0.14609375 0.1609375
4 0.27421875 0.78203125 0.12890625 0.1640625
4 0.14140625 0.78828125 0.13828125 0.18125
4 0.14296875 0.6390625 0.140625 0.1734375
4 0.28515625 0.61875 0.13125 0.16171875
4 0.4171875 0.6234375 0.18125 0.1703125
4 0.56640625 0.6234375 0.12421875 0.15625
4 0.71640625 0.61171875 0.14453125 0.1546875
4 0.7078125 0.4671875 0.14375 0.15390625
4 0.6984375 0.334375 0.134375 0.14765625
4 0.55234375 0.33203125 0.14375 0.16015625
4 0.559375 0.47109375 0.1875 0.14765625
4 0.4234375 0.47109375 0.1296875 0.13984375
4 0.421875 0.33046875 0.140625 0.13984375
4 0.28359375 0.334375 0.14765625 0.14765625
4 0.28203125 0.475 0.12421875 0.140625
4 0.140625 0.47109375 0.12890625 0.146875
4 0.140625 0.3234375 0.13671875 0.1578125