4 0.18828125 0.58125 0.12265625 0.1203125
4 0.30390625 0.58671875 0.10859375 0.13046875
4 0.42734375 0.58046875 0.11796875 0.11796875
4 0.54921875 0.58203125 0.10859375 0.12109375
4 0.67890625 0.5859375 0.10078125 0.12578125
4 0.80859375 0.5921875 0.12734375 0.1203125
4 0.20234375 0.48359375 0.11953125 0.08828125
4 0.3265625 0.4875 0.10390625 0.08828125
4 0.440625 0.4875 0.1078125 0.08125
4 0.55703125 0.48515625 0.11015625 0.090625
4 0.671875 0.484375 0.109375 0.0890625
4 0.7859375 0.49609375 0.1171875 0.10078125
4 0.228125 0.4078125 0.10625 0.06875
4 0.24921875 0.34765625 0.10625 0.07265625
4 0.2609375 0.284375 0.07890625 0.059375
4 0.33359375 0.41875 0.125 0.0859375
4 0.3546875 0.36015625 0.08984375 0.06796875
4 0.359375 0.28828125 0.0921875 0.0734375
4 0.45234375 0.41328125 0.1078125 0.06484375
4 0.4484375 0.35625 0.0953125 0.075
4 0.453125 0.290625 0.09453125 0.07578125
4 0.5578125 0.409375 0.10390625 0.075
4 0.55703125 0.35 0.08125 0.07734375
4 0.55859375 0.284375 0.0890625 0.0765625
4 0.66171875 0.41171875 0.109375 0.0796875
4 0.65703125 0.34296875 0.08984375 0.07734375
4 0.65546875 0.27421875 0.09296875 0.06796875
4 0.78203125 0.40625 0.1125 0.09609375
4 0.7640625 0.34765625 0.10546875 0.078125
4 0.74453125 0.278125 0.0828125 0.075