4 0.45546875 0.16015625 0.18515625 0.15625
4 0.36875 0.2859375 0.19453125 0.16171875
4 0.3359375 0.4546875 0.203125 0.20703125
4 0.30078125 0.59609375 0.18359375 0.19921875
4 0.1375 0.5015625 0.09921875 0.18046875
4 0.20078125 0.53125 0.12578125 0.13671875
4 0.06171875 0.440625 0.10625 0.1796875
4 0.25625 0.38125 0.13984375 0.153125
4 0.2015625 0.3140625 0.16875 0.16484375
4 0.5703125 0.27890625 0.19296875 0.20546875
4 0.74296875 0.2875 0.16328125 0.190625
4 0.5078125 0.4390625 0.20625 0.18046875
4 0.6875 0.4171875 0.15703125 0.175
4 0.8796875 0.4046875 0.15078125 0.17421875
4 0.953125 0.52578125 0.09375 0.16640625
4 0.80390625 0.5484375 0.19765625 0.17109375
4 0.64296875 0.571875 0.18828125 0.1671875
4 0.4515625 0.58203125 0.21484375 0.175
4 0.41328125 0.7375 0.15859375 0.1828125
4 0.590625 0.70234375 0.17109375 0.203125
4 0.77578125 0.725 0.1453125 0.17734375
4 0.9265625 0.684375 0.146875 0.203125