4 0.415625 0.19921875 0.1578125 0.13359375
4 0.34140625 0.30625 0.16640625 0.1375
4 0.31328125 0.45 0.1734375 0.1765625
4 0.28359375 0.57109375 0.15703125 0.16953125
4 0.14453125 0.48984375 0.084375 0.15390625
4 0.1984375 0.515625 0.10703125 0.11640625
4 0.0796875 0.43828125 0.090625 0.153125
4 0.2453125 0.3875 0.11953125 0.13046875
4 0.1984375 0.33046875 0.14375 0.140625
4 0.51328125 0.3 0.1640625 0.17578125
4 0.6609375 0.3078125 0.13984375 0.1625
4 0.46015625 0.43671875 0.17578125 0.15390625
4 0.61328125 0.41875 0.134375 0.15
4 0.77734375 0.40703125 0.12890625 0.1484375
4 0.871875 0.5125 0.14140625 0.1421875
4 0.7125 0.53046875 0.16875 0.14609375
4 0.575 0.55 0.1609375 0.1421875
4 0.4125 0.55859375 0.18359375 0.14921875
4 0.3796875 0.69140625 0.13515625 0.15546875
4 0.53046875 0.66171875 0.14609375 0.1734375
4 0.68828125 0.68046875 0.12421875 0.1515625
4 0.82734375 0.64921875 0.1390625 0.17734375
4 0.9484375 0.64375 0.103125 0.16875