4 0.33984375 0.11484375 0.07734375 0.11328125
4 0.4203125 0.1171875 0.07734375 0.10859375
4 0.49765625 0.11796875 0.08046875 0.10703125
4 0.57734375 0.10859375 0.07890625 0.1265625
4 0.65390625 0.1140625 0.08046875 0.115625
4 0.3515625 0.20390625 0.0734375 0.09296875
4 0.42578125 0.20625 0.07265625 0.0953125
4 0.496875 0.20390625 0.07421875 0.09296875
4 0.56953125 0.2109375 0.07421875 0.09375
4 0.64375 0.2109375 0.0734375 0.08984375
4 0.63359375 0.29375 0.0640625 0.08515625
4 0.36171875 0.290625 0.0703125 0.08515625
4 0.43203125 0.28671875 0.065625 0.078125
4 0.4984375 0.28828125 0.0640625 0.07890625
4 0.5640625 0.29453125 0.06796875 0.0796875
4 0.37109375 0.371875 0.06796875 0.0875
4 0.43515625 0.365625 0.06640625 0.078125
4 0.5 0.36484375 0.059375 0.08046875
4 0.5609375 0.3703125 0.0625 0.07578125
4 0.625 0.3734375 0.06640625 0.07421875
4 0.3765625 0.44296875 0.0640625 0.06015625
4 0.4390625 0.43828125 0.06015625 0.07265625
4 0.4984375 0.43359375 0.05859375 0.075
4 0.5578125 0.4359375 0.06171875 0.0640625
4 0.6203125 0.4359375 0.06171875 0.06328125
4 0.38203125 0.50390625 0.0578125 0.0671875
4 0.44140625 0.503125 0.05234375 0.07265625
4 0.50078125 0.50390625 0.06015625 0.06875
4 0.559375 0.50234375 0.053125 0.0640625
4 0.6140625 0.50078125 0.053125 0.0734375
4 0.34453125 0.66171875 0.06328125 0.0796875
4 0.40546875 0.6609375 0.0546875 0.09140625
4 0.4625 0.65546875 0.059375 0.09453125
4 0.521875 0.6546875 0.059375 0.07421875
4 0.578125 0.65625 0.04765625 0.08671875
4 0.6328125 0.65859375 0.0609375 0.07734375
4 0.1359375 0.22578125 0.08984375 0.12578125
4 0.05859375 0.22734375 0.08125 0.121875
4 0.16015625 0.33046875 0.0734375 0.103125
4 0.0875 0.32421875 0.07421875 0.1
4 0.184375 0.4078125 0.06875 0.0875
4 0.115625 0.4046875 0.07109375 0.09375
4 0.19921875 0.48125 0.065625 0.084375
4 0.13359375 0.48203125 0.06328125 0.071875
4 0.2171875 0.5484375 0.06875 0.06875
4 0.159375 0.54296875 0.06640625 0.065625
4 0.04375 0.40078125 0.0734375 0.0734375
4 0.06875 0.47265625 0.06015625 0.0765625
4 0.10078125 0.54453125 0.06015625 0.0796875
4 0.86171875 0.27265625 0.08125 0.1171875
4 0.84140625 0.3640625 0.08203125 0.0859375
4 0.82421875 0.44609375 0.08203125 0.0828125
4 0.8 0.5140625 0.071875 0.06171875
4 0.78359375 0.584375 0.0703125 0.071875
4 0.94296875 0.271875 0.08203125 0.1078125
4 0.91875 0.365625 0.08203125 0.0921875
4 0.89453125 0.44765625 0.071875 0.0796875
4 0.86953125 0.5171875 0.078125 0.06953125
4 0.8515625 0.58203125 0.06171875 0.0796875