4 0.16953125 0.0546875 0.3390625 0.109375
4 0.8609375 0.0984375 0.278125 0.196875
4 0.453125 0.11640625 0.246875 0.2328125
4 0.10859375 0.15234375 0.21640625 0.221875
4 0.34140625 0.2453125 0.22109375 0.2421875
4 0.67265625 0.2203125 0.2734375 0.234375
4 0.5515625 0.32421875 0.2046875 0.1703125
4 0.86796875 0.27734375 0.22734375 0.19921875
4 0.97421875 0.15703125 0.0515625 0.221875
4 0.9640625 0.35859375 0.071875 0.1703125
4 0.87890625 0.4171875 0.17890625 0.16640625
4 0.70859375 0.38984375 0.18125 0.1515625
4 0.2390625 0.353125 0.190625 0.16171875
4 0.06953125 0.31171875 0.1390625 0.11875
4 0.04140625 0.41015625 0.0828125 0.10859375
4 0.16875 0.4359375 0.17265625 0.13359375
4 0.353125 0.484375 0.15390625 0.11875
4 0.44453125 0.41640625 0.17265625 0.12265625
4 0.59375 0.46484375 0.1609375 0.140625
4 0.76171875 0.509375 0.16796875 0.10546875
4 0.9640625 0.575 0.071875 0.10859375
4 0.875 0.615625 0.1421875 0.1078125
4 0.76640625 0.66953125 0.13515625 0.0984375
4 0.6125 0.73359375 0.10390625 0.09765625
4 0.36953125 0.68125 0.1375 0.096875
4 0.23671875 0.66171875 0.1359375 0.11484375
4 0.07734375 0.63125 0.1546875 0.10859375
4 0.29296875 0.54453125 0.14609375 0.12265625
4 0.4328125 0.58046875 0.11171875 0.10390625
4 0.5046875 0.5203125 0.1359375 0.1046875
4 0.55703125 0.5953125 0.11640625 0.0953125