4 0.1640625 0.90234375 0.30234375 0.1953125
4 0.5578125 0.9375 0.2796875 0.12421875
4 0.771875 0.85625 0.2484375 0.25078125
4 0.4171875 0.81015625 0.2140625 0.221875
4 0.10546875 0.76953125 0.209375 0.18984375
4 0.31640625 0.68671875 0.190625 0.209375
4 0.6015625 0.7078125 0.23515625 0.2015625
4 0.49765625 0.61796875 0.1765625 0.146875
4 0.77109375 0.65859375 0.19609375 0.171875
4 0.91953125 0.76171875 0.1609375 0.1921875
4 0.9109375 0.5890625 0.178125 0.146875
4 0.7796875 0.53828125 0.15390625 0.14296875
4 0.63359375 0.56171875 0.15625 0.13046875
4 0.22890625 0.59296875 0.16484375 0.13984375
4 0.071875 0.6328125 0.14296875 0.10234375
4 0.0484375 0.5453125 0.09140625 0.09375
4 0.16796875 0.521875 0.14921875 0.115625
4 0.3265625 0.48046875 0.1328125 0.10234375
4 0.40546875 0.5390625 0.14921875 0.10546875
4 0.534375 0.496875 0.1390625 0.12109375
4 0.67890625 0.45859375 0.14453125 0.090625
4 0.8921875 0.4046875 0.13671875 0.09453125
4 0.7765625 0.3671875 0.12265625 0.09296875
4 0.6828125 0.3203125 0.11640625 0.08515625
4 0.55 0.26484375 0.08984375 0.084375
4 0.340625 0.3109375 0.11796875 0.0828125
4 0.2265625 0.32734375 0.1171875 0.09921875
4 0.08828125 0.3546875 0.13515625 0.09296875
4 0.275 0.42890625 0.12578125 0.10546875
4 0.3953125 0.39765625 0.09609375 0.08984375
4 0.45703125 0.44921875 0.1171875 0.090625
4 0.50234375 0.384375 0.10078125 0.08203125