4 0.3390625 0.87578125 0.07578125 0.11171875
4 0.41953125 0.8734375 0.07578125 0.10703125
4 0.4953125 0.87265625 0.0796875 0.10625
4 0.57421875 0.8828125 0.078125 0.125
4 0.65 0.87734375 0.0796875 0.1140625
4 0.35078125 0.7875 0.07265625 0.09140625
4 0.425 0.78515625 0.071875 0.09375
4 0.4953125 0.7875 0.0734375 0.09140625
4 0.5671875 0.78125 0.0734375 0.09296875
4 0.63984375 0.78046875 0.07265625 0.0890625
4 0.63046875 0.6984375 0.0640625 0.084375
4 0.36171875 0.70234375 0.06953125 0.084375
4 0.43125 0.70625 0.06484375 0.07734375
4 0.496875 0.7046875 0.06328125 0.078125
4 0.5609375 0.69765625 0.0671875 0.07890625
4 0.3703125 0.621875 0.0671875 0.08671875
4 0.434375 0.62734375 0.065625 0.07734375
4 0.4984375 0.62890625 0.05859375 0.0796875
4 0.55859375 0.62265625 0.06171875 0.075
4 0.621875 0.6203125 0.065625 0.0734375
4 0.37578125 0.5515625 0.0640625 0.059375
4 0.4375 0.55546875 0.059375 0.071875
4 0.496875 0.56015625 0.0578125 0.07421875
4 0.55546875 0.55859375 0.0609375 0.0640625
4 0.61640625 0.5578125 0.0609375 0.0625
4 0.38203125 0.490625 0.05703125 0.06640625
4 0.440625 0.49140625 0.0515625 0.071875
4 0.4984375 0.49140625 0.059375 0.06796875
4 0.55625 0.4921875 0.05234375 0.06328125
4 0.6109375 0.49375 0.05234375 0.07265625
4 0.34453125 0.33515625 0.0625 0.07890625
4 0.4046875 0.33515625 0.0546875 0.090625
4 0.4609375 0.340625 0.05859375 0.09375
4 0.51953125 0.34140625 0.05859375 0.0734375
4 0.575 0.33984375 0.046875 0.0859375
4 0.6296875 0.3375 0.06015625 0.0765625
4 0.13828125 0.76640625 0.08828125 0.12421875
4 0.06171875 0.76484375 0.08046875 0.12109375
4 0.16171875 0.6625 0.07265625 0.1015625
4 0.090625 0.66875 0.0734375 0.09921875
4 0.18671875 0.5859375 0.06796875 0.08671875
4 0.11796875 0.5890625 0.0703125 0.09296875
4 0.20078125 0.51328125 0.06484375 0.08359375
4 0.1359375 0.5125 0.06328125 0.07109375
4 0.21796875 0.446875 0.06796875 0.06875
4 0.1609375 0.45234375 0.065625 0.06484375
4 0.04765625 0.59296875 0.07265625 0.07265625
4 0.071875 0.521875 0.06015625 0.07578125
4 0.10390625 0.45078125 0.06015625 0.078125
4 0.85546875 0.71953125 0.08046875 0.115625
4 0.8359375 0.6296875 0.08125 0.08515625
4 0.81875 0.5484375 0.08125 0.08203125
4 0.79453125 0.48046875 0.0703125 0.0609375
4 0.778125 0.41171875 0.06953125 0.07109375
4 0.9359375 0.7203125 0.08125 0.10703125
4 0.91171875 0.62734375 0.08125 0.09140625
4 0.8875 0.54609375 0.0703125 0.07890625
4 0.86328125 0.47734375 0.07734375 0.06875
4 0.84609375 0.41328125 0.0609375 0.07890625