4 0.90703125 0.69296875 0.18515625 0.52265625
4 0.81640625 0.53203125 0.2125 0.48203125
4 0.83125 0.90859375 0.184375 0.1828125
4 0.63125 0.98125 0.19921875 0.0375
4 0.59296875 0.80390625 0.209375 0.38671875
4 0.453125 0.91640625 0.1921875 0.16640625
4 0.6953125 0.2296875 0.19453125 0.3109375
4 0.53984375 0.28046875 0.14765625 0.375
4 0.378125 0.62421875 0.1796875 0.36953125
4 0.30078125 0.85234375 0.175 0.2953125
4 0.29296875 0.3390625 0.184375 0.340625
4 0.125 0.37578125 0.16171875 0.37578125
4 0.23984375 0.125 0.178125 0.25
4 0.46171875 0.07578125 0.146875 0.1515625