4 0.77109375 0.7625 0.24140625 0.3125
3 0.53359375 0.7640625 0.2203125 0.3390625
3 0.29453125 0.753125 0.246875 0.33125
3 0.084375 0.771875 0.16796875 0.321875
3 0.0984375 0.47109375 0.196875 0.2671875
3 0.31328125 0.4625 0.2203125 0.253125
3 0.53203125 0.4671875 0.20703125 0.24453125
3 0.76015625 0.47265625 0.21796875 0.2671875
3 0.73046875 0.22890625 0.196875 0.2234375
3 0.921875 0.23046875 0.15625 0.228125
3 0.5171875 0.228125 0.1921875 0.21796875
3 0.32265625 0.23046875 0.1890625 0.21875
3 0.13203125 0.23515625 0.19140625 0.19921875
3 0.1484375 0.071875 0.184375 0.14375
3 0.33203125 0.06953125 0.184375 0.1390625
3 0.53515625 0.06640625 0.1890625 0.1328125
3 0.72578125 0.0609375 0.18828125 0.121875
3 0.91015625 0.06640625 0.1796875 0.1328125