4 0.4609375 0.32265625 0.203125 0.15625
4 0.70703125 0.25 0.2546875 0.16796875
4 0.91796875 0.18828125 0.1640625 0.1671875
4 0.596875 0.1421875 0.21015625 0.1515625
4 0.371875 0.18203125 0.2234375 0.14296875
4 0.28203125 0.07421875 0.16484375 0.1484375
4 0.9796875 0.36015625 0.040625 0.1453125
4 0.8640625 0.39609375 0.1921875 0.15078125
4 0.64453125 0.4546875 0.25 0.1828125
4 0.39453125 0.5296875 0.24609375 0.153125
4 0.96171875 0.51953125 0.0765625 0.140625
4 0.80546875 0.58359375 0.23125 0.1640625
4 0.6046875 0.64609375 0.1953125 0.165625
4 0.396875 0.6984375 0.21328125 0.1328125
4 0.31640625 0.88203125 0.2125 0.18125
4 0.55625 0.81484375 0.22578125 0.1546875
4 0.75 0.7484375 0.22890625 0.1515625
4 0.9203125 0.69375 0.15859375 0.15234375