4 0.5609375 0.3296875 0.18828125 0.14609375
4 0.33203125 0.2625 0.23671875 0.15625
4 0.12109375 0.20703125 0.19375 0.15625
4 0.434375 0.1609375 0.1953125 0.14140625
4 0.64296875 0.1984375 0.2078125 0.1328125
4 0.7296875 0.09296875 0.15234375 0.15
4 0.04921875 0.36796875 0.0984375 0.1359375
4 0.1859375 0.3984375 0.178125 0.140625
4 0.38984375 0.45234375 0.23203125 0.1703125
4 0.62265625 0.521875 0.228125 0.1421875
4 0.0703125 0.51640625 0.12890625 0.13046875
4 0.240625 0.571875 0.21484375 0.15234375
4 0.42734375 0.63046875 0.18203125 0.1546875
4 0.6203125 0.67890625 0.1984375 0.12421875
4 0.6953125 0.85078125 0.196875 0.16875
4 0.47265625 0.7875 0.209375 0.14453125
4 0.2921875 0.72578125 0.21328125 0.14140625
4 0.10703125 0.67734375 0.2015625 0.14375