4 0.13203125 0.67265625 0.20703125 0.446875
4 0.2328125 0.53125 0.184375 0.415625
4 0.221875 0.89140625 0.16328125 0.2171875
4 0.39375 0.95078125 0.1734375 0.09765625
4 0.4265625 0.76484375 0.18203125 0.33359375
4 0.5484375 0.8953125 0.1671875 0.209375
4 0.3375 0.2703125 0.16953125 0.26796875
4 0.47265625 0.3140625 0.128125 0.3234375
4 0.61328125 0.6109375 0.15625 0.31875
4 0.68125 0.8421875 0.15234375 0.315625
4 0.6875 0.36484375 0.16015625 0.29375
4 0.83359375 0.39609375 0.140625 0.32421875
4 0.73671875 0.17421875 0.1546875 0.23515625
4 0.5421875 0.1046875 0.128125 0.203125