4 0.1015625 0.16015625 0.203125 0.3171875
4 0.3125 0.23515625 0.21875 0.34296875
4 0.50234375 0.35 0.20078125 0.35390625
4 0.08671875 0.38671875 0.1734375 0.22734375
4 0.26328125 0.453125 0.18828125 0.23984375
4 0.43203125 0.53125 0.175 0.22265625
4 0.58671875 0.61796875 0.15078125 0.18125
4 0.67578125 0.45234375 0.18671875 0.30078125
4 0.83203125 0.51953125 0.18046875 0.28359375
4 0.94765625 0.6078125 0.1046875 0.25
4 0.72890625 0.6671875 0.13828125 0.18203125
4 0.859375 0.73984375 0.12734375 0.1875
4 0.07109375 0.55703125 0.1421875 0.14765625