4 0.1078125 0.83671875 0.215625 0.3234375
4 0.31953125 0.7546875 0.20859375 0.3265625
4 0.5 0.6453125 0.19140625 0.33671875
4 0.09453125 0.61328125 0.184375 0.22109375
4 0.2734375 0.546875 0.17890625 0.228125
4 0.43359375 0.47265625 0.1671875 0.21171875
4 0.58046875 0.38984375 0.14375 0.17265625
4 0.665625 0.5484375 0.178125 0.2859375
4 0.8140625 0.484375 0.171875 0.2703125
4 0.93828125 0.403125 0.121875 0.23984375
4 0.71640625 0.34296875 0.13203125 0.17265625
4 0.840625 0.27421875 0.12109375 0.178125
4 0.0796875 0.45078125 0.159375 0.14375