4 0.228125 0.72421875 0.22890625 0.29453125
3 0.453125 0.72578125 0.20859375 0.31953125
3 0.6796875 0.71484375 0.234375 0.3125
3 0.90078125 0.7359375 0.19765625 0.30859375
3 0.88359375 0.4546875 0.215625 0.2515625
3 0.66171875 0.44140625 0.20859375 0.2390625
3 0.4546875 0.4453125 0.19609375 0.23046875
3 0.2390625 0.45078125 0.20625 0.2515625
3 0.26640625 0.22109375 0.1859375 0.2109375
3 0.0796875 0.22734375 0.159375 0.215625
3 0.46875 0.2203125 0.18203125 0.20546875
3 0.653125 0.22265625 0.17890625 0.20625
3 0.83359375 0.22734375 0.18125 0.1875
3 0.8203125 0.0734375 0.17578125 0.14609375
3 0.6453125 0.06875 0.17421875 0.13671875
3 0.45234375 0.065625 0.178125 0.13125
3 0.27109375 0.06015625 0.178125 0.1203125
3 0.090625 0.065625 0.18125 0.13125