0 0.6765625 0.69296875 0.44609375 0.34921875
0 0.496875 0.38515625 0.3328125 0.38515625
0 0.221875 0.6859375 0.44375 0.3359375
0 0.19296875 0.93984375 0.3859375 0.1203125
0 0.54921875 0.92578125 0.3859375 0.14765625
0 0.85234375 0.9203125 0.2953125 0.159375
0 0.94453125 0.6625 0.11015625 0.42265625
0 0.97421875 0.3046875 0.05078125 0.328125
0 0.8765625 0.10625 0.246875 0.2125
0 0.6125 0.1125 0.309375 0.225
0 0.32421875 0.11953125 0.2984375 0.2390625
0 0.203125 0.37890625 0.28359375 0.31484375
0 0.0625 0.11953125 0.121875 0.2390625
1 0.80859375 0.36640625 0.30234375 0.36953125