3 0.82265625 0.49453125 0.3546875 0.28046875
3 0.54375 0.59453125 0.25546875 0.32890625
3 0.296875 0.60234375 0.246875 0.3484375
3 0.12578125 0.8515625 0.2515625 0.296875
3 0.28046875 0.95078125 0.3 0.09765625
3 0.76328125 0.79921875 0.2578125 0.3375
3 0.94375 0.94609375 0.1125 0.1078125
3 0.9515625 0.71953125 0.09609375 0.2734375
3 0.79296875 0.15078125 0.25859375 0.23515625
3 0.546875 0.196875 0.24296875 0.25546875
3 0.23359375 0.27265625 0.2953125 0.23828125
3 0.4875 0.4 0.23125 0.215625
3 0.44375 0.84296875 0.3484375 0.21171875
1 0.5484375 0.9484375 0.26015625 0.10234375
1 0.94296875 0.271875 0.1140625 0.278125
1 0.2734375 0.06484375 0.209375 0.12890625
4 0.421875 0.15078125 0.1984375 0.24921875