0 0.31953125 0.66328125 0.390625 0.30625
0 0.4765625 0.39375 0.2921875 0.3375
0 0.71953125 0.6578125 0.38984375 0.29453125
0 0.775 0.9140625 0.40078125 0.171875
0 0.43125 0.9015625 0.33828125 0.196875
0 0.1546875 0.89609375 0.28125 0.2078125
0 0.06640625 0.63671875 0.1328125 0.3703125
0 0.04453125 0.32421875 0.07265625 0.2875
0 0.13046875 0.12109375 0.24453125 0.2421875
0 0.3765625 0.12734375 0.27109375 0.25390625
0 0.6296875 0.13515625 0.26171875 0.26484375
0 0.734375 0.38828125 0.2484375 0.27578125
0 0.90234375 0.140625 0.1953125 0.25234375
1 0.20390625 0.37734375 0.265625 0.32421875