3 0.75390625 0.45390625 0.3390625 0.24609375
3 0.4953125 0.54140625 0.2234375 0.28828125
3 0.27890625 0.5484375 0.21640625 0.30546875
3 0.1203125 0.77578125 0.2390625 0.27734375
3 0.2640625 0.90546875 0.26328125 0.1890625
3 0.68828125 0.72109375 0.22578125 0.29609375
3 0.8984375 0.9 0.203125 0.19453125
3 0.90546875 0.6515625 0.1890625 0.23984375
3 0.71328125 0.15234375 0.2265625 0.20625
3 0.49765625 0.19296875 0.21328125 0.22421875
3 0.2234375 0.259375 0.25859375 0.20859375
3 0.44609375 0.3703125 0.203125 0.1890625
3 0.40703125 0.759375 0.30546875 0.18515625
1 0.49921875 0.903125 0.228125 0.19296875
1 0.88984375 0.25859375 0.1890625 0.24296875
1 0.25859375 0.07109375 0.18359375 0.12578125
4 0.38828125 0.153125 0.17421875 0.21796875