3 0.46953125 0.871875 0.15703125 0.1953125
3 0.5203125 0.7046875 0.15703125 0.17421875
3 0.7328125 0.6671875 0.175 0.1578125
3 0.3453125 0.76015625 0.14609375 0.17109375
3 0.2203125 0.79140625 0.14140625 0.17109375
3 0.12109375 0.628125 0.1546875 0.17265625
3 0.06796875 0.49765625 0.11953125 0.16640625
3 0.11875 0.33046875 0.13515625 0.15546875
3 0.24296875 0.32109375 0.1171875 0.140625
3 0.30546875 0.43125 0.11015625 0.13828125
3 0.18828125 0.4703125 0.121875 0.15859375
3 0.26640625 0.6546875 0.13359375 0.12421875
3 0.26484375 0.55390625 0.1734375 0.0953125
3 0.06875 0.83125 0.1375 0.2046875
3 0.15625 0.93671875 0.159375 0.1265625
3 0.32109375 0.93828125 0.1578125 0.1234375
3 0.640625 0.82421875 0.1546875 0.190625
3 0.62734375 0.6140625 0.11640625 0.184375
3 0.53515625 0.53671875 0.1203125 0.14609375
3 0.4015625 0.6125 0.1375 0.1578125
3 0.4234375 0.4875 0.13515625 0.15
3 0.35859375 0.31640625 0.121875 0.13125
3 0.47578125 0.34765625 0.1109375 0.14375
3 0.565625 0.41640625 0.10625 0.13203125
3 0.6828125 0.459375 0.1265625 0.17890625
3 0.77890625 0.5375 0.14609375 0.12421875
3 0.87890625 0.6890625 0.1234375 0.16640625
3 0.79140625 0.825 0.13984375 0.1609375
3 0.74140625 0.96171875 0.1421875 0.0765625
3 0.90234375 0.934375 0.15625 0.13046875
3 0.9265625 0.55 0.12890625 0.1421875
3 0.834375 0.4390625 0.1125 0.10703125
3 0.95 0.434375 0.09921875 0.10390625
3 0.88515625 0.33671875 0.1515625 0.10546875
3 0.759375 0.2578125 0.12734375 0.115625
3 0.5421875 0.23828125 0.125 0.1125
3 0.634375 0.32578125 0.11484375 0.12265625
3 0.865625 0.23125 0.128125 0.11640625
3 0.9625 0.25546875 0.07421875 0.115625
3 0.93203125 0.15390625 0.10078125 0.09140625
3 0.8078125 0.115625 0.103125 0.09375
3 0.72421875 0.1546875 0.09921875 0.109375
3 0.65 0.20859375 0.12265625 0.10703125
3 0.60859375 0.11953125 0.078125 0.1015625
3 0.51171875 0.13515625 0.1046875 0.09296875
3 0.275 0.09765625 0.11171875 0.128125
3 0.034375 0.259375 0.06875 0.109375
3 0.0296875 0.165625 0.05859375 0.084375
3 0.03984375 0.365625 0.075 0.12109375
3 0.37265625 0.05078125 0.09609375 0.1
3 0.41328125 0.11953125 0.1015625 0.10078125
3 0.465625 0.0515625 0.08671875 0.09765625
3 0.5703125 0.04609375 0.1078125 0.0828125
3 0.68984375 0.07421875 0.0890625 0.0890625
3 0.7921875 0.04140625 0.103125 0.0828125
3 0.325 0.17890625 0.109375 0.1109375
4 0.21796875 0.2171875 0.1140625 0.11640625
3 0.21953125 0.21640625 0.1171875 0.11171875
4 0.584375 0.9546875 0.16015625 0.08984375
1 0.74765625 0.36640625 0.11953125 0.1265625