3 0.4734375 0.11484375 0.159375 0.1984375
3 0.525 0.28359375 0.159375 0.17734375
3 0.740625 0.321875 0.178125 0.16015625
3 0.346875 0.228125 0.1484375 0.1734375
3 0.21953125 0.19609375 0.14375 0.1734375
3 0.11875 0.3625 0.15703125 0.175
3 0.065625 0.49453125 0.12109375 0.16875
3 0.1171875 0.66484375 0.1375 0.1578125
3 0.24296875 0.67421875 0.11875 0.1421875
3 0.30703125 0.56171875 0.1125 0.140625
3 0.1875 0.521875 0.1234375 0.1609375
3 0.2671875 0.33515625 0.1359375 0.12578125
3 0.265625 0.43671875 0.1765625 0.096875
3 0.0671875 0.15546875 0.134375 0.2078125
3 0.1546875 0.05625 0.16171875 0.1125
3 0.32265625 0.0546875 0.1609375 0.10859375
3 0.646875 0.1625 0.15703125 0.19375
3 0.6328125 0.37578125 0.11796875 0.18671875
3 0.53984375 0.4546875 0.121875 0.1484375
3 0.40390625 0.37734375 0.13984375 0.16015625
3 0.4265625 0.5046875 0.1375 0.15234375
3 0.36015625 0.67890625 0.12421875 0.13359375
3 0.4796875 0.646875 0.1125 0.14609375
3 0.5703125 0.57734375 0.1078125 0.13359375
3 0.68984375 0.53359375 0.12890625 0.18125
3 0.7875 0.45390625 0.1484375 0.12578125
3 0.88828125 0.3 0.125 0.16875
3 0.8 0.16171875 0.14140625 0.16328125
3 0.75078125 0.03046875 0.14375 0.0609375
3 0.9125 0.05859375 0.15859375 0.11640625
3 0.93515625 0.4421875 0.1296875 0.14375
3 0.84375 0.55390625 0.11484375 0.10859375
3 0.95546875 0.55859375 0.0890625 0.10546875
3 0.8953125 0.6578125 0.15390625 0.1078125
3 0.76796875 0.73828125 0.12890625 0.1171875
3 0.54609375 0.7578125 0.12734375 0.1140625
3 0.640625 0.66953125 0.11640625 0.125
3 0.87578125 0.765625 0.13046875 0.11875
3 0.96796875 0.740625 0.06328125 0.1171875
3 0.9421875 0.84375 0.10234375 0.09296875
3 0.8171875 0.88203125 0.1046875 0.0953125
3 0.73125 0.8421875 0.10078125 0.1109375
3 0.65625 0.78828125 0.12421875 0.10859375
3 0.6140625 0.878125 0.0796875 0.103125
3 0.51640625 0.86328125 0.10625 0.09375
3 0.27578125 0.90078125 0.11328125 0.1296875
3 0.0328125 0.73671875 0.065625 0.109375
3 0.028125 0.83203125 0.05546875 0.0859375
3 0.03671875 0.62890625 0.0734375 0.12265625
3 0.375 0.9484375 0.09765625 0.1015625
3 0.415625 0.87890625 0.10390625 0.10234375
3 0.46953125 0.94765625 0.08828125 0.09921875
3 0.575 0.953125 0.109375 0.084375
3 0.696875 0.92421875 0.090625 0.08984375
3 0.80078125 0.9578125 0.1046875 0.084375
3 0.32578125 0.81796875 0.1109375 0.1125
4 0.2171875 0.7796875 0.11640625 0.11796875
3 0.21875 0.7796875 0.11875 0.11328125
4 0.5890625 0.03828125 0.1625 0.0765625
1 0.75546875 0.62734375 0.12109375 0.12890625