0 0.38359375 0.41015625 0.1390625 0.128125
0 0.56015625 0.621875 0.1421875 0.14921875
0 0.34296875 0.659375 0.16171875 0.16328125
0 0.215625 0.7765625 0.203125 0.13125
0 0.378125 0.81796875 0.16015625 0.15625
4 0.578125 0.828125 0.20625 0.13515625
4 0.7578125 0.7640625 0.16328125 0.13125
4 0.7671875 0.6875 0.1375 0.1015625
4 0.78046875 0.590625 0.184375 0.11875
4 0.65234375 0.59375 0.1109375 0.11796875
4 0.70546875 0.4734375 0.15390625 0.134375
4 0.565625 0.409375 0.16875 0.1234375
4 0.23828125 0.54765625 0.14453125 0.10390625