0 0.34765625 0.4203125 0.153125 0.140625
0 0.5421875 0.65234375 0.15625 0.16328125
0 0.303125 0.6921875 0.178125 0.178125
0 0.1640625 0.82109375 0.2234375 0.14375
0 0.3421875 0.86640625 0.1765625 0.17109375
4 0.5625 0.878125 0.2265625 0.14765625
4 0.76015625 0.8078125 0.1796875 0.14296875
4 0.7703125 0.7234375 0.15078125 0.11171875
4 0.78515625 0.61796875 0.203125 0.13046875
4 0.64375 0.62109375 0.12265625 0.12890625
4 0.70234375 0.48984375 0.16953125 0.146875
4 0.5484375 0.41953125 0.18515625 0.134375
4 0.18828125 0.5703125 0.159375 0.11328125